353524091627309
353524091627317
353524091627325
353524091627333
353524091627341
353524091627358
353524091627366
353524091627374
353524091627382
353524091627390
353524091638009
353524091638017
353524091638025
353524091638033
353524091638041
353524091638058
353524091638066
353524091638074
353524091638082
353524091638090
353524091638108
353524091638116
353524091638124
353524091638132
353524091638140
353524091638157
353524091638165
353524091638173
353524091638181
353524091638199
353524091638207
353524091638215
353524091638223
353524091638231
353524091638249
353524091638256
353524091638264
353524091638272
353524091638280
353524091638298
353524091638306
353524091638314
353524091638322
353524091638330
353524091638348
353524091638355
353524091638363
353524091638371
353524091638389
353524091638397
353524091638405
353524091638413
353524091638421
353524091638439
353524091638447
353524091638454
353524091638462
353524091638470
353524091638488
353524091638496
353524091638504
353524091638512
353524091638520
353524091638538
353524091638546
353524091638553
353524091638561
353524091638579
353524091638587
353524091638595
353524091638603
353524091638611
353524091638629
353524091638637
353524091638645
353524091638652
353524091638660
353524091638678
353524091638686
353524091638694
353524091638702
353524091638710
353524091638728
353524091638736
353524091638744
353524091638751
353524091638769
353524091638777
353524091638785
353524091638793
353524091638801
353524091638819
353524091638827
353524091638835
353524091638843
353524091638850
353524091638868
353524091638876
353524091638884
353524091638892
353524091638900
353524091638918
353524091638926
353524091638934
353524091638942
353524091638959
353524091638967
353524091638975
353524091638983
353524091638991
353524091630006
353524091630014
353524091630022
353524091630030
353524091630048
353524091630055
353524091630063
353524091630071
353524091630089
353524091630097
353524091630105
353524091630113
353524091630121
353524091630139
353524091630147
353524091630154
353524091630162
353524091630170
353524091630188
353524091630196
353524091630204
353524091630212
353524091630220
353524091630238
353524091630246
353524091630253
353524091630261
353524091630279
353524091630287
353524091630295
353524091630303
353524091630311
353524091630329
353524091630337
353524091630345
353524091630352
353524091630360
353524091630378
353524091630386
353524091630394
353524091630402
353524091630410
353524091630428
353524091630436
353524091630444
353524091630451
353524091630469
353524091630477
353524091630485
353524091630493
353524091630501
353524091630519
353524091630527
353524091630535
353524091630543
353524091630550
353524091630568
353524091630576
353524091630584
353524091630592
353524091630600
353524091630618
353524091630626
353524091630634
353524091630642
353524091630659
353524091630667
353524091630675
353524091630683
353524091630691
353524091630709
353524091630717
353524091630725
353524091630733
353524091630741
353524091630758
353524091630766
353524091630774
353524091630782
353524091630790
353524091630808
353524091630816
353524091630824
353524091630832
353524091630840
353524091630857
353524091630865
353524091630873
353524091630881
353524091630899
353524091630907
353524091630915
353524091630923
353524091630931
353524091630949
353524091630956
353524091630964
353524091630972
353524091630980
353524091630998
353524091631004
353524091631012
353524091631020
353524091631038
353524091631046
353524091631053
353524091631061
353524091631079
353524091631087
353524091631095
353524091631103
353524091631111
353524091631129
353524091631137
353524091631145
353524091631152
353524091631160
353524091631178
353524091631186
353524091631194
353524091631202
353524091631210
353524091631228
353524091631236
353524091631244
353524091631251
353524091631269
353524091631277
353524091631285
353524091631293
353524091631301
353524091631319
353524091631327
353524091631335
353524091631343
353524091631350
353524091631368
353524091631376
353524091631384
353524091631392
353524091631400
353524091631418
353524091631426
353524091631434
353524091631442
353524091631459
353524091631467
353524091631475
353524091631483
353524091631491
353524091631509
353524091631517
353524091631525
353524091631533
353524091631541
353524091631558
353524091631566
353524091631574
353524091631582
353524091631590
353524091631608
353524091631616
353524091631624
353524091631632
353524091631640
353524091631657
353524091631665
353524091631673
353524091631681
353524091631699
353524091631707
353524091631715
353524091631723
353524091631731
353524091631749
353524091631756
353524091631764
353524091631772
353524091631780
353524091631798
353524091631806
353524091631814
353524091631822
353524091631830
353524091631848
353524091631855
353524091631863
353524091631871
353524091631889
353524091631897
353524091631905
353524091631913
353524091631921
353524091631939
353524091631947
353524091631954
353524091631962
353524091631970
353524091631988
353524091631996
353524091632002
353524091632010
353524091632028
353524091632036
353524091632044
353524091632051
353524091632069
353524091632077
353524091632085
353524091632093
353524091632101
353524091632119
353524091632127
353524091632135
353524091632143
353524091632150
353524091632168
353524091632176
353524091632184
353524091632192
353524091632200
353524091632218
353524091632226
353524091632234
353524091632242
353524091632259
353524091632267
353524091632275
353524091632283
353524091632291
353524091632309
353524091632317
353524091632325
353524091632333
353524091632341
353524091632358
353524091632366
353524091632374
353524091632382
353524091632390
353524091632408
353524091632416
353524091632424
353524091632432
353524091632440
353524091632457
353524091632465
353524091632473
353524091632481
353524091632499
353524091632507
353524091632515
353524091632523
353524091632531
353524091632549
353524091632556
353524091632564
353524091632572
353524091632580
353524091632598
353524091632606
353524091632614
353524091632622
353524091632630
353524091632648
353524091632655
353524091632663
353524091632671
353524091632689
353524091632697
353524091632705
353524091632713
353524091632721
353524091632739
353524091632747
353524091632754
353524091632762
353524091632770
353524091632788
353524091632796
353524091632804
353524091632812
353524091632820
353524091632838
353524091632846
353524091632853
353524091632861
353524091632879
353524091632887
353524091632895
353524091632903
353524091632911
353524091632929
353524091632937
353524091632945
353524091632952
353524091632960
353524091632978
353524091632986
353524091632994
353524091633000
353524091633018
353524091633026
353524091633034
353524091633042
353524091633059
353524091633067
353524091633075
353524091633083
353524091633091
353524091633109
353524091633117
353524091633125
353524091633133
353524091633141
353524091633158
353524091633166
353524091633174
353524091633182
353524091633190
353524091633208
353524091633216
353524091633224
353524091633232
353524091633240
353524091633257
353524091633265
353524091633273
353524091633281
353524091633299
353524091633307
353524091633315
353524091633323
353524091633331
353524091633349
353524091633356
353524091633364
353524091633372
353524091633380
353524091633398
353524091633406
353524091633414
353524091633422
353524091633430
353524091633448
353524091633455
353524091633463
353524091633471
353524091633489
353524091633497
353524091633505
353524091633513
353524091633521
353524091633539
353524091633547
353524091633554
353524091633562
353524091633570
353524091633588
353524091633596
353524091633604
353524091633612
353524091633620
353524091633638
353524091633646
353524091633653
353524091633661
353524091633679
353524091633687
353524091633695
353524091633703
353524091633711
353524091633729
353524091633737
353524091633745
353524091633752
353524091633760
353524091633778
353524091633786
353524091633794
353524091633802
353524091633810
353524091633828
353524091633836
353524091633844
353524091633851
353524091633869
353524091633877
353524091633885
353524091633893
353524091633901
353524091633919
353524091633927
353524091633935
353524091633943
353524091633950
353524091633968
353524091633976
353524091633984
353524091633992
353524091634008
353524091634016
353524091634024
353524091634032
353524091634040
353524091634057
353524091634065
353524091634073
353524091634081
353524091634099
353524091634107
353524091634115
353524091634123
353524091634131
353524091634149
353524091634156
353524091634164
353524091634172
353524091634180
353524091634198
353524091634206
353524091634214
353524091634222
353524091634230
353524091634248
353524091634255
353524091634263
353524091634271
353524091634289
353524091634297
353524091634305
353524091634313
353524091634321
353524091634339
353524091634347
353524091634354
353524091634362
353524091634370
353524091634388
353524091634396
353524091634404
353524091634412
353524091634420
353524091634438
353524091634446
353524091634453
353524091634461
353524091634479
353524091634487
353524091634495
353524091634503
353524091634511
353524091634529
353524091634537
353524091634545
353524091634552
353524091634560
353524091634578
353524091634586
353524091634594
353524091634602
353524091634610
353524091634628
353524091634636
353524091634644
353524091634651
353524091634669
353524091634677
353524091634685
353524091634693
353524091634701
353524091634719
353524091634727
353524091634735
353524091634743
353524091634750
353524091634768
353524091634776
353524091634784
353524091634792
353524091634800
353524091634818
353524091634826
353524091634834
353524091634842
353524091634859
353524091634867
353524091634875
353524091634883
353524091634891
353524091634909
353524091634917
353524091634925
353524091634933
353524091634941
353524091634958
353524091634966
353524091634974
353524091634982
353524091634990
353524091635005
353524091635013
353524091635021
353524091635039
353524091635047
353524091635054
353524091635062
353524091635070
353524091635088
353524091635096
353524091635104
353524091635112
353524091635120
353524091635138
353524091635146
353524091635153
353524091635161
353524091635179
353524091635187
353524091635195
353524091635203
353524091635211
353524091635229
353524091635237
353524091635245
353524091635252
353524091635260
353524091635278
353524091635286
353524091635294
353524091635302
353524091635310
353524091635328
353524091635336
353524091635344
353524091635351
353524091635369
353524091635377
353524091635385
353524091635393
353524091635401
353524091635419
353524091635427
353524091635435
353524091635443
353524091635450
353524091635468
353524091635476
353524091635484
353524091635492
353524091635500
353524091635518
353524091635526
353524091635534
353524091635542
353524091635559
353524091635567
353524091635575
353524091635583
353524091635591
353524091635609
353524091635617
353524091635625
353524091635633
353524091635641
353524091635658
353524091635666
353524091635674
353524091635682
353524091635690
353524091635708
353524091635716
353524091635724
353524091635732
353524091635740
353524091635757
353524091635765
353524091635773
353524091635781
353524091635799
353524091635807
353524091635815
353524091635823
353524091635831
353524091635849
353524091635856
353524091635864
353524091635872
353524091635880
353524091635898
353524091635906
353524091635914
353524091635922
353524091635930
353524091635948
353524091635955
353524091635963
353524091635971
353524091635989
353524091635997
353524091636003
353524091636011
353524091636029
353524091636037
353524091636045
353524091636052
353524091636060
353524091636078
353524091636086
353524091636094
353524091636102
353524091636110
353524091636128
353524091636136
353524091636144
353524091636151
353524091636169
353524091636177
353524091636185
353524091636193
353524091636201
353524091636219
353524091636227
353524091636235
353524091636243
353524091636250
353524091636268
353524091636276
353524091636284
353524091636292
353524091636300
353524091636318
353524091636326
353524091636334
353524091636342
353524091636359
353524091636367
353524091636375
353524091636383
353524091636391
353524091636409
353524091636417
353524091636425
353524091636433
353524091636441
353524091636458
353524091636466
353524091636474
353524091636482
353524091636490
353524091636508
353524091636516
353524091636524
353524091636532
353524091636540
353524091636557
353524091636565
353524091636573
353524091636581
353524091636599
353524091636607
353524091636615
353524091636623
353524091636631
353524091636649
353524091636656
353524091636664
353524091636672
353524091636680
353524091636698
353524091636706
353524091636714
353524091636722
353524091636730
353524091636748
353524091636755
353524091636763
353524091636771
353524091636789
353524091636797
353524091636805
353524091636813
353524091636821
353524091636839
353524091636847
353524091636854
353524091636862
353524091636870
353524091636888
353524091636896
353524091636904
353524091636912
353524091636920
353524091636938
353524091636946
353524091636953
353524091636961
353524091636979
353524091636987
353524091636995
353524091637001
353524091637019
353524091637027
353524091637035
353524091637043
353524091637050
353524091637068
353524091637076
353524091637084
353524091637092
353524091637100
353524091637118
353524091637126
353524091637134
353524091637142
353524091637159
353524091637167
353524091637175
353524091637183
353524091637191
353524091637209
353524091637217
353524091637225
353524091637233
353524091637241
353524091637258
353524091637266
353524091637274
353524091637282
353524091637290
353524091637308
353524091637316
353524091637324
353524091637332
353524091637340
353524091637357
353524091637365
353524091637373
353524091637381
353524091637399
353524091637407
353524091637415
353524091637423
353524091637431
353524091637449
353524091637456
353524091637464
353524091637472
353524091637480
353524091637498
353524091637506
353524091637514
353524091637522
353524091637530
353524091637548
353524091637555
353524091637563
353524091637571
353524091637589
353524091637597
353524091637605
353524091637613
353524091637621
353524091637639
353524091637647
353524091637654
353524091637662
353524091637670
353524091637688
353524091637696
353524091637704
353524091637712
353524091637720
353524091637738
353524091637746
353524091637753
353524091637761
353524091637779
353524091637787
353524091637795
353524091637803
353524091637811
353524091637829
353524091637837
353524091637845
353524091637852
353524091637860
353524091637878
353524091637886
353524091637894
353524091637902
353524091637910
353524091637928
353524091637936
353524091637944
353524091637951
353524091637969
353524091637977
353524091637985
353524091637993
353524091638009
353524091638017
353524091638025
353524091638033
353524091638041
353524091638058
353524091638066
353524091638074
353524091638082
353524091638090
353524091638108
353524091638116
353524091638124
353524091638132
353524091638140
353524091638157
353524091638165
353524091638173
353524091638181
353524091638199
353524091638207
353524091638215
353524091638223
353524091638231
353524091638249
353524091638256
353524091638264
353524091638272
353524091638280
353524091638298
353524091638306
353524091638314
353524091638322
353524091638330
353524091638348
353524091638355
353524091638363
353524091638371
353524091638389
353524091638397
353524091638405
353524091638413
353524091638421
353524091638439
353524091638447
353524091638454
353524091638462
353524091638470
353524091638488
353524091638496
353524091638504
353524091638512
353524091638520
353524091638538
353524091638546
353524091638553
353524091638561
353524091638579
353524091638587
353524091638595
353524091638603
353524091638611
353524091638629
353524091638637
353524091638645
353524091638652
353524091638660
353524091638678
353524091638686
353524091638694
353524091638702
353524091638710
353524091638728
353524091638736
353524091638744
353524091638751
353524091638769
353524091638777
353524091638785
353524091638793
353524091638801
353524091638819
353524091638827
353524091638835
353524091638843
353524091638850
353524091638868
353524091638876
353524091638884
353524091638892
353524091638900
353524091638918
353524091638926
353524091638934
353524091638942
353524091638959
353524091638967
353524091638975
353524091638983
353524091638991
353524091639007
353524091639015
353524091639023
353524091639031
353524091639049
353524091639056
353524091639064
353524091639072
353524091639080
353524091639098
353524091639106
353524091639114
353524091639122
353524091639130
353524091639148
353524091639155
353524091639163
353524091639171
353524091639189
353524091639197
353524091639205
353524091639213
353524091639221
353524091639239
353524091639247
353524091639254
353524091639262
353524091639270
353524091639288
353524091639296
353524091639304
353524091639312
353524091639320
353524091639338
353524091639346
353524091639353
353524091639361
353524091639379
353524091639387
353524091639395
353524091639403
353524091639411
353524091639429
353524091639437
353524091639445
353524091639452
353524091639460
353524091639478
353524091639486
353524091639494
353524091639502
353524091639510
353524091639528
353524091639536
353524091639544
353524091639551
353524091639569
353524091639577
353524091639585
353524091639593
353524091639601
353524091639619
353524091639627
353524091639635
353524091639643
353524091639650
353524091639668
353524091639676
353524091639684
353524091639692
353524091639700
353524091639718
353524091639726
353524091639734
353524091639742
353524091639759
353524091639767
353524091639775
353524091639783
353524091639791
353524091639809
353524091639817
353524091639825
353524091639833
353524091639841
353524091639858
353524091639866
353524091639874
353524091639882
353524091639890
353524091639908
353524091639916
353524091639924
353524091639932
353524091639940
353524091639957
353524091639965
353524091639973
353524091639981
353524091639999
356646100000009
356646100000017
356646100000025
356646100000033
356646100000041
356646100000058
356646100000066
356646100000074
356646100000082
356646100000090
356646100000108
356646100000116
356646100000124
356646100000132
356646100000140
356646100000157
356646100000165
356646100000173
356646100000181
356646100000199
356646100000207
356646100000215
356646100000223
356646100000231
356646100000249
356646100000256
356646100000264
356646100000272
356646100000280
356646100000298
356646100000306
356646100000314
356646100000322
356646100000330
356646100000348
356646100000355
356646100000363
356646100000371
356646100000389
356646100000397
356646100000405
356646100000413
356646100000421
356646100000439
356646100000447
356646100000454
356646100000462
356646100000470
356646100000488
356646100000496
356646100000504
356646100000512
356646100000520
356646100000538
356646100000546
356646100000553
356646100000561
356646100000579
356646100000587
356646100000595
356646100000603
356646100000611
356646100000629
356646100000637
356646100000645
356646100000652
356646100000660
356646100000678
356646100000686
356646100000694
356646100000702
356646100000710
356646100000728
356646100000736
356646100000744
356646100000751
356646100000769
356646100000777
356646100000785
356646100000793
356646100000801
356646100000819
356646100000827
356646100000835
356646100000843
356646100000850
356646100000868
356646100000876
356646100000884
356646100000892
356646100000900
356646100000918
356646100000926
356646100000934
356646100000942
356646100000959
356646100000967
356646100000975
356646100000983
356646100000991
356646100001007
356646100001015
356646100001023
356646100001031
356646100001049
356646100001056
356646100001064
356646100001072
356646100001080
356646100001098
356646100001106
356646100001114
356646100001122
356646100001130
356646100001148
356646100001155
356646100001163
356646100001171
356646100001189
356646100001197
356646100001205
356646100001213
356646100001221
356646100001239
356646100001247
356646100001254
356646100001262
356646100001270
356646100001288
356646100001296
356646100001304
356646100001312
356646100001320
356646100001338
356646100001346
356646100001353
356646100001361
356646100001379
356646100001387
356646100001395
356646100001403
356646100001411
356646100001429
356646100001437
356646100001445
356646100001452
356646100001460
356646100001478
356646100001486
356646100001494
356646100001502
356646100001510
356646100001528
356646100001536
356646100001544
356646100001551
356646100001569
356646100001577
356646100001585
356646100001593
356646100001601
356646100001619
356646100001627
356646100001635
356646100001643
356646100001650
356646100001668
356646100001676
356646100001684
356646100001692
356646100001700
356646100001718
356646100001726
356646100001734
356646100001742
356646100001759
356646100001767
356646100001775
356646100001783
356646100001791
356646100001809
356646100001817
356646100001825
356646100001833
356646100001841
356646100001858
356646100001866
356646100001874
356646100001882
356646100001890
356646100001908
356646100001916
356646100001924
356646100001932
356646100001940
356646100001957
356646100001965
356646100001973
356646100001981
356646100001999
356646100002005
356646100002013
356646100002021
356646100002039
356646100002047
356646100002054
356646100002062
356646100002070
356646100002088
356646100002096
356646100002104
356646100002112
356646100002120
356646100002138
356646100002146
356646100002153
356646100002161
356646100002179
356646100002187
356646100002195
356646100002203
356646100002211
356646100002229
356646100002237
356646100002245
356646100002252
356646100002260
356646100002278
356646100002286
356646100002294
356646100002302
356646100002310
356646100002328
356646100002336
356646100002344
356646100002351
356646100002369
356646100002377
356646100002385
356646100002393
356646100002401
356646100002419
356646100002427
356646100002435
356646100002443
356646100002450
356646100002468
356646100002476
356646100002484
356646100002492
356646100002500
356646100002518
356646100002526
356646100002534
356646100002542
356646100002559
356646100002567
356646100002575
356646100002583
356646100002591
356646100002609
356646100002617
356646100002625
356646100002633
356646100002641
356646100002658
356646100002666
356646100002674
356646100002682
356646100002690
356646100002708
356646100002716
356646100002724
356646100002732
356646100002740
356646100002757
356646100002765
356646100002773
356646100002781
356646100002799
356646100002807
356646100002815
356646100002823
356646100002831
356646100002849
356646100002856
356646100002864
356646100002872
356646100002880
356646100002898
356646100002906
356646100002914
356646100002922
356646100002930
356646100002948
356646100002955
356646100002963
356646100002971
356646100002989
356646100002997
356646100003003
356646100003011
356646100003029
356646100003037
356646100003045
356646100003052
356646100003060
356646100003078
356646100003086
356646100003094
356646100003102
356646100003110
356646100003128
356646100003136
356646100003144
356646100003151
356646100003169
356646100003177
356646100003185
356646100003193
356646100003201
356646100003219
356646100003227
356646100003235
356646100003243
356646100003250
356646100003268
356646100003276
356646100003284
356646100003292
356646100003300
356646100003318
356646100003326
356646100003334
356646100003342
356646100003359
356646100003367
356646100003375
356646100003383
356646100003391
356646100003409
356646100003417
356646100003425
356646100003433
356646100003441
356646100003458
356646100003466
356646100003474
356646100003482
356646100003490
356646100003508
356646100003516
356646100003524
356646100003532
356646100003540
356646100003557
356646100003565
356646100003573
356646100003581
356646100003599
356646100003607
356646100003615
356646100003623
356646100003631
356646100003649
356646100003656
356646100003664
356646100003672
356646100003680
356646100003698
356646100003706
356646100003714
356646100003722
356646100003730
356646100003748
356646100003755
356646100003763
356646100003771
356646100003789
356646100003797
356646100003805
356646100003813
356646100003821
356646100003839
356646100003847
356646100003854
356646100003862
356646100003870
356646100003888
356646100003896
356646100003904
356646100003912
356646100003920
356646100003938
356646100003946
356646100003953
356646100003961
356646100003979
356646100003987
356646100003995
356646100004001
356646100004019
356646100004027
356646100004035
356646100004043
356646100004050
356646100004068
356646100004076
356646100004084
356646100004092
356646100004100
356646100004118
356646100004126
356646100004134
356646100004142
356646100004159
356646100004167
356646100004175
356646100004183
356646100004191
356646100004209
356646100004217
356646100004225
356646100004233
356646100004241
356646100004258
356646100004266
356646100004274
356646100004282
356646100004290
356646100004308
356646100004316
356646100004324
356646100004332
356646100004340
356646100004357
356646100004365
356646100004373
356646100004381
356646100004399
356646100004407
356646100004415
356646100004423
356646100004431
356646100004449
356646100004456
356646100004464
356646100004472
356646100004480
356646100004498
356646100004506
356646100004514
356646100004522
356646100004530
356646100004548
356646100004555
356646100004563
356646100004571
356646100004589
356646100004597
356646100004605
356646100004613
356646100004621
356646100004639
356646100004647
356646100004654
356646100004662
356646100004670
356646100004688
356646100004696
356646100004704
356646100004712
356646100004720
356646100004738
356646100004746
356646100004753
356646100004761
356646100004779
356646100004787
356646100004795
356646100004803
356646100004811
356646100004829
356646100004837
356646100004845
356646100004852
356646100004860
356646100004878
356646100004886
356646100004894
356646100004902
356646100004910
356646100004928
356646100004936
356646100004944
356646100004951
356646100004969
356646100004977
356646100004985
356646100004993
356646100005008
356646100005016
356646100005024
356646100005032
356646100005040
356646100005057
356646100005065
356646100005073
356646100005081
356646100005099
356646100005107
356646100005115
356646100005123
356646100005131
356646100005149
356646100005156
356646100005164
356646100005172
356646100005180
356646100005198
356646100005206
356646100005214
356646100005222
356646100005230
356646100005248
356646100005255
356646100005263
356646100005271
356646100005289
356646100005297
356646100005305
356646100005313
356646100005321
356646100005339
356646100005347
356646100005354
356646100005362
356646100005370
356646100005388
356646100005396
356646100005404
356646100005412
356646100005420
356646100005438
356646100005446
356646100005453
356646100005461
356646100005479
356646100005487
356646100005495
356646100005503
356646100005511
356646100005529
356646100005537
356646100005545
356646100005552
356646100005560
356646100005578
356646100005586
356646100005594
356646100005602
356646100005610
356646100005628
356646100005636
356646100005644
356646100005651
356646100005669
356646100005677
356646100005685
356646100005693
356646100005701
356646100005719
356646100005727
356646100005735
356646100005743
356646100005750
356646100005768
356646100005776
356646100005784
356646100005792
356646100005800
356646100005818
356646100005826
356646100005834
356646100005842
356646100005859
356646100005867
356646100005875
356646100005883
356646100005891
356646100005909
356646100005917
356646100005925
356646100005933
356646100005941
356646100005958
356646100005966
356646100005974
356646100005982
356646100005990
356646100006006
356646100006014
356646100006022
356646100006030
356646100006048
356646100006055
356646100006063
356646100006071
356646100006089
356646100006097
356646100006105
356646100006113
356646100006121
356646100006139
356646100006147
356646100006154
356646100006162
356646100006170
356646100006188
356646100006196
356646100006204
356646100006212
356646100006220
356646100006238
356646100006246
356646100006253
356646100006261
356646100006279
356646100006287
356646100006295
356646100006303
356646100006311
356646100006329
356646100006337
356646100006345
356646100006352
356646100006360
356646100006378
356646100006386
356646100006394
356646100006402
356646100006410
356646100006428
356646100006436
356646100006444
356646100006451
356646100006469
356646100006477
356646100006485
356646100006493
356646100006501
356646100006519
356646100006527
356646100006535
356646100006543
356646100006550
356646100006568
356646100006576
356646100006584
356646100006592
356646100006600
356646100006618
356646100006626
356646100006634
356646100006642
356646100006659
356646100006667
356646100006675
356646100006683
356646100006691
356646100006709
356646100006717
356646100006725
356646100006733
356646100006741
356646100006758
356646100006766
356646100006774
356646100006782
356646100006790
356646100006808
356646100006816
356646100006824
356646100006832
356646100006840
356646100006857
356646100006865
356646100006873
356646100006881
356646100006899
356646100006907
356646100006915
356646100006923
356646100006931
356646100006949
356646100006956
356646100006964
356646100006972
356646100006980
356646100006998
356646100007004
356646100007012
356646100007020
356646100007038
356646100007046
356646100007053
356646100007061
356646100007079
356646100007087
356646100007095
356646100007103
356646100007111
356646100007129
356646100007137
356646100007145
356646100007152
356646100007160
356646100007178
356646100007186
356646100007194
356646100007202
356646100007210
356646100007228
356646100007236
356646100007244
356646100007251
356646100007269
356646100007277
356646100007285
356646100007293
356646100007301
356646100007319
356646100007327
356646100007335
356646100007343
356646100007350
356646100007368
356646100007376
356646100007384
356646100007392
356646100007400
356646100007418
356646100007426
356646100007434
356646100007442
356646100007459
356646100007467
356646100007475
356646100007483
356646100007491
356646100007509
356646100007517
356646100007525
356646100007533
356646100007541
356646100007558
356646100007566
356646100007574
356646100007582
356646100007590
356646100007608
356646100007616
356646100007624
356646100007632
356646100007640
356646100007657
356646100007665
356646100007673
356646100007681
356646100007699
356646100007707
356646100007715
356646100007723
356646100007731
356646100007749
356646100007756
356646100007764
356646100007772
356646100007780
356646100007798
356646100007806
356646100007814
356646100007822
356646100007830
356646100007848
356646100007855
356646100007863
356646100007871
356646100007889
356646100007897
356646100007905
356646100007913
356646100007921
356646100007939
356646100007947
356646100007954
356646100007962
356646100007970
356646100007988
356646100007996
356646100008002
356646100008010
356646100008028
356646100008036
356646100008044
356646100008051
356646100008069
356646100008077
356646100008085
356646100008093
356646100008101
356646100008119
356646100008127
356646100008135
356646100008143
356646100008150
356646100008168
356646100008176
356646100008184
356646100008192
356646100008200
356646100008218
356646100008226
356646100008234
356646100008242
356646100008259
356646100008267
356646100008275
356646100008283
356646100008291
356646100008309
356646100008317
356646100008325
356646100008333
356646100008341
356646100008358
356646100008366
356646100008374
356646100008382
356646100008390
356646100008408
356646100008416
356646100008424
356646100008432
356646100008440
356646100008457
356646100008465
356646100008473
356646100008481
356646100008499
356646100008507
356646100008515
356646100008523
356646100008531
356646100008549
356646100008556
356646100008564
356646100008572
356646100008580
356646100008598
356646100008606
356646100008614
356646100008622
356646100008630
356646100008648
356646100008655
356646100008663
356646100008671
356646100008689
356646100008697
356646100008705
356646100008713
356646100008721
356646100008739
356646100008747
356646100008754
356646100008762
356646100008770
356646100008788
356646100008796
356646100008804
356646100008812
356646100008820
356646100008838
356646100008846
356646100008853
356646100008861
356646100008879
356646100008887
356646100008895
356646100008903
356646100008911
356646100008929
356646100008937
356646100008945
356646100008952
356646100008960
356646100008978
356646100008986
356646100008994
356646100009000
356646100009018
356646100009026
356646100009034
356646100009042
356646100009059
356646100009067
356646100009075
356646100009083
356646100009091
356646100009109
356646100009117
356646100009125
356646100009133
356646100009141
356646100009158
356646100009166
356646100009174
356646100009182
356646100009190
356646100009208
356646100009216
356646100009224
356646100009232
356646100009240
356646100009257
356646100009265
356646100009273
356646100009281
356646100009299
356646100009307
356646100009315
356646100009323
356646100009331
356646100009349
356646100009356
356646100009364
356646100009372
356646100009380
356646100009398
356646100009406
356646100009414
356646100009422
356646100009430
356646100009448
356646100009455
356646100009463
356646100009471
356646100009489
356646100009497
356646100009505
356646100009513
356646100009521
356646100009539
356646100009547
356646100009554
356646100009562
356646100009570
356646100009588
356646100009596
356646100009604
356646100009612
356646100009620
356646100009638
356646100009646
356646100009653
356646100009661
356646100009679
356646100009687
356646100009695
356646100009703
356646100009711
356646100009729
356646100009737
356646100009745
356646100009752
356646100009760
356646100009778
356646100009786
356646100009794
356646100009802
356646100009810
356646100009828
356646100009836
356646100009844
356646100009851
356646100009869
356646100009877
356646100009885
356646100009893
356646100009901
356646100009919
356646100009927
356646100009935
356646100009943
356646100009950
356646100009968
356646100009976
356646100009984
356646100009992
356647100000007
356647100000015
356647100000023
356647100000031
356647100000049
356647100000056
356647100000064
356647100000072
356647100000080
356647100000098
356647100000106
356647100000114
356647100000122
356647100000130
356647100000148
356647100000155
356647100000163
356647100000171
356647100000189
356647100000197
356647100000205
356647100000213
356647100000221
356647100000239
356647100000247
356647100000254
356647100000262
356647100000270
356647100000288
356647100000296
356647100000304
356647100000312
356647100000320
356647100000338
356647100000346
356647100000353
356647100000361
356647100000379
356647100000387
356647100000395
356647100000403
356647100000411
356647100000429
356647100000437
356647100000445
356647100000452
356647100000460
356647100000478
356647100000486
356647100000494
356647100000502
356647100000510
356647100000528
356647100000536
356647100000544
356647100000551
356647100000569
356647100000577
356647100000585
356647100000593
356647100000601
356647100000619
356647100000627
356647100000635
356647100000643
356647100000650
356647100000668
356647100000676
356647100000684
356647100000692
356647100000700
356647100000718
356647100000726
356647100000734
356647100000742
356647100000759
356647100000767
356647100000775
356647100000783
356647100000791
356647100000809
356647100000817
356647100000825
356647100000833
356647100000841
356647100000858
356647100000866
356647100000874
356647100000882
356647100000890
356647100000908
356647100000916
356647100000924
356647100000932
356647100000940
356647100000957
356647100000965
356647100000973
356647100000981
356647100000999
356647100001005
356647100001013
356647100001021
356647100001039
356647100001047
356647100001054
356647100001062
356647100001070
356647100001088
356647100001096
356647100001104
356647100001112
356647100001120
356647100001138
356647100001146
356647100001153
356647100001161
356647100001179
356647100001187
356647100001195
356647100001203
356647100001211
356647100001229
356647100001237
356647100001245
356647100001252
356647100001260
356647100001278
356647100001286
356647100001294
356647100001302
356647100001310
356647100001328
356647100001336
356647100001344
356647100001351
356647100001369
356647100001377
356647100001385
356647100001393
356647100001401
356647100001419
356647100001427
356647100001435
356647100001443
356647100001450
356647100001468
356647100001476
356647100001484
356647100001492
356647100001500
356647100001518
356647100001526
356647100001534
356647100001542
356647100001559
356647100001567
356647100001575
356647100001583
356647100001591
356647100001609
356647100001617
356647100001625
356647100001633
356647100001641
356647100001658
356647100001666
356647100001674
356647100001682
356647100001690
356647100001708
356647100001716
356647100001724
356647100001732
356647100001740
356647100001757
356647100001765
356647100001773
356647100001781
356647100001799
356647100001807
356647100001815
356647100001823
356647100001831
356647100001849
356647100001856
356647100001864
356647100001872
356647100001880
356647100001898
356647100001906
356647100001914
356647100001922
356647100001930
356647100001948
356647100001955
356647100001963
356647100001971
356647100001989
356647100001997
356647100002003
356647100002011
356647100002029
356647100002037
356647100002045
356647100002052
356647100002060
356647100002078
356647100002086
356647100002094
356647100002102
356647100002110
356647100002128
356647100002136
356647100002144
356647100002151
356647100002169
356647100002177
356647100002185
356647100002193
356647100002201
356647100002219
356647100002227
356647100002235
356647100002243
356647100002250
356647100002268
356647100002276
356647100002284
356647100002292
356647100002300
356647100002318
356647100002326
356647100002334
356647100002342
356647100002359
356647100002367
356647100002375
356647100002383
356647100002391
356647100002409
356647100002417
356647100002425
356647100002433
356647100002441
356647100002458
356647100002466
356647100002474
356647100002482
356647100002490
356647100002508
356647100002516
356647100002524
356647100002532
356647100002540
356647100002557
356647100002565
356647100002573
356647100002581
356647100002599
356647100002607
356647100002615
356647100002623
356647100002631
356647100002649
356647100002656
356647100002664
356647100002672
356647100002680
356647100002698
356647100002706
356647100002714
356647100002722
356647100002730
356647100002748
356647100002755
356647100002763
356647100002771
356647100002789
356647100002797
356647100002805
356647100002813
356647100002821
356647100002839
356647100002847
356647100002854
356647100002862
356647100002870
356647100002888
356647100002896
356647100002904
356647100002912
356647100002920
356647100002938
356647100002946
356647100002953
356647100002961
356647100002979
356647100002987
356647100002995
356647100003001
356647100003019
356647100003027
356647100003035
356647100003043
356647100003050
356647100003068
356647100003076
356647100003084
356647100003092
356647100003100
356647100003118
356647100003126
356647100003134
356647100003142
356647100003159
356647100003167
356647100003175
356647100003183
356647100003191
356647100003209
356647100003217
356647100003225
356647100003233
356647100003241
356647100003258
356647100003266
356647100003274
356647100003282
356647100003290
356647100003308
356647100003316
356647100003324
356647100003332
356647100003340
356647100003357
356647100003365
356647100003373
356647100003381
356647100003399
356647100003407
356647100003415
356647100003423
356647100003431
356647100003449
356647100003456
356647100003464
356647100003472
356647100003480
356647100003498
356647100003506
356647100003514
356647100003522
356647100003530
356647100003548
356647100003555
356647100003563
356647100003571
356647100003589
356647100003597
356647100003605
356647100003613
356647100003621
356647100003639
356647100003647
356647100003654
356647100003662
356647100003670
356647100003688
356647100003696
356647100003704
356647100003712
356647100003720
356647100003738
356647100003746
356647100003753
356647100003761
356647100003779
356647100003787
356647100003795
356647100003803
356647100003811
356647100003829
356647100003837
356647100003845
356647100003852
356647100003860
356647100003878
356647100003886
356647100003894
356647100003902
356647100003910
356647100003928
356647100003936
356647100003944
356647100003951
356647100003969
356647100003977
356647100003985
356647100003993
356647100004009
356647100004017
356647100004025
356647100004033
356647100004041
356647100004058
356647100004066
356647100004074
356647100004082
356647100004090
356647100004108
356647100004116
356647100004124
356647100004132
356647100004140
356647100004157
356647100004165
356647100004173
356647100004181
356647100004199
356647100004207
356647100004215
356647100004223
356647100004231
356647100004249
356647100004256
356647100004264
356647100004272
356647100004280
356647100004298
356647100004306
356647100004314
356647100004322
356647100004330
356647100004348
356647100004355
356647100004363
356647100004371
356647100004389
356647100004397
356647100004405
356647100004413
356647100004421
356647100004439
356647100004447
356647100004454
356647100004462
356647100004470
356647100004488
356647100004496
356647100004504
356647100004512
356647100004520
356647100004538
356647100004546
356647100004553
356647100004561
356647100004579
356647100004587
356647100004595
356647100004603
356647100004611
356647100004629
356647100004637
356647100004645
356647100004652
356647100004660
356647100004678
356647100004686
356647100004694
356647100004702
356647100004710
356647100004728
356647100004736
356647100004744
356647100004751
356647100004769
356647100004777
356647100004785
356647100004793
356647100004801
356647100004819
356647100004827
356647100004835
356647100004843
356647100004850
356647100004868
356647100004876
356647100004884
356647100004892
356647100004900
356647100004918
356647100004926
356647100004934
356647100004942
356647100004959
356647100004967
356647100004975
356647100004983
356647100004991
356647100005006
356647100005014
356647100005022
356647100005030
356647100005048
356647100005055
356647100005063
356647100005071
356647100005089
356647100005097
356647100005105
356647100005113
356647100005121
356647100005139
356647100005147
356647100005154
356647100005162
356647100005170
356647100005188
356647100005196
356647100005204
356647100005212
356647100005220
356647100005238
356647100005246
356647100005253
356647100005261
356647100005279
356647100005287
356647100005295
356647100005303
356647100005311
356647100005329
356647100005337
356647100005345
356647100005352
356647100005360
356647100005378
356647100005386
356647100005394
356647100005402
356647100005410
356647100005428
356647100005436
356647100005444
356647100005451
356647100005469
356647100005477
356647100005485
356647100005493
356647100005501
356647100005519
356647100005527
356647100005535
356647100005543
356647100005550
356647100005568
356647100005576
356647100005584
356647100005592
356647100005600
356647100005618
356647100005626
356647100005634
356647100005642
356647100005659
356647100005667
356647100005675
356647100005683
356647100005691
356647100005709
356647100005717
356647100005725
356647100005733
356647100005741
356647100005758
356647100005766
356647100005774
356647100005782
356647100005790
356647100005808
356647100005816
356647100005824
356647100005832
356647100005840
356647100005857
356647100005865
356647100005873
356647100005881
356647100005899
356647100005907
356647100005915
356647100005923
356647100005931
356647100005949
356647100005956
356647100005964
356647100005972
356647100005980
356647100005998
356647100006004
356647100006012
356647100006020
356647100006038
356647100006046
356647100006053
356647100006061
356647100006079
356647100006087
356647100006095
356647100006103
356647100006111
356647100006129
356647100006137
356647100006145
356647100006152
356647100006160
356647100006178
356647100006186
356647100006194
356647100006202
356647100006210
356647100006228
356647100006236
356647100006244
356647100006251
356647100006269
356647100006277
356647100006285
356647100006293
356647100006301
356647100006319
356647100006327
356647100006335
356647100006343
356647100006350
356647100006368
356647100006376
356647100006384
356647100006392
356647100006400
356647100006418
356647100006426
356647100006434
356647100006442
356647100006459
356647100006467
356647100006475
356647100006483
356647100006491
356647100006509
356647100006517
356647100006525
356647100006533
356647100006541
356647100006558
356647100006566
356647100006574
356647100006582
356647100006590
356647100006608
356647100006616
356647100006624
356647100006632
356647100006640
356647100006657
356647100006665
356647100006673
356647100006681
356647100006699
356647100006707
356647100006715
356647100006723
356647100006731
356647100006749
356647100006756
356647100006764
356647100006772
356647100006780
356647100006798
356647100006806
356647100006814
356647100006822
356647100006830
356647100006848
356647100006855
356647100006863
356647100006871
356647100006889
356647100006897
356647100006905
356647100006913
356647100006921
356647100006939
356647100006947
356647100006954
356647100006962
356647100006970
356647100006988
356647100006996
356647100007002
356647100007010
356647100007028
356647100007036
356647100007044
356647100007051
356647100007069
356647100007077
356647100007085
356647100007093
356647100007101
356647100007119
356647100007127
356647100007135
356647100007143
356647100007150
356647100007168
356647100007176
356647100007184
356647100007192
356647100007200
356647100007218
356647100007226
356647100007234
356647100007242
356647100007259
356647100007267
356647100007275
356647100007283
356647100007291
356647100007309
356647100007317
356647100007325
356647100007333
356647100007341
356647100007358
356647100007366
356647100007374
356647100007382
356647100007390
356647100007408
356647100007416
356647100007424
356647100007432
356647100007440
356647100007457
356647100007465
356647100007473
356647100007481
356647100007499
356647100007507
356647100007515
356647100007523
356647100007531
356647100007549
356647100007556
356647100007564
356647100007572
356647100007580
356647100007598
356647100007606
356647100007614
356647100007622
356647100007630
356647100007648
356647100007655
356647100007663
356647100007671
356647100007689
356647100007697
356647100007705
356647100007713
356647100007721
356647100007739
356647100007747
356647100007754
356647100007762
356647100007770
356647100007788
356647100007796
356647100007804
356647100007812
356647100007820
356647100007838
356647100007846
356647100007853
356647100007861
356647100007879
356647100007887
356647100007895
356647100007903
356647100007911
356647100007929
356647100007937
356647100007945
356647100007952
356647100007960
356647100007978
356647100007986
356647100007994
356647100008000
356647100008018
356647100008026
356647100008034
356647100008042
356647100008059
356647100008067
356647100008075
356647100008083
356647100008091
356647100008109
356647100008117
356647100008125
356647100008133
356647100008141
356647100008158
356647100008166
356647100008174
356647100008182
356647100008190
356647100008208
356647100008216
356647100008224
356647100008232
356647100008240
356647100008257
356647100008265
356647100008273
356647100008281
356647100008299
356647100008307
356647100008315
356647100008323
356647100008331
356647100008349
356647100008356
356647100008364
356647100008372
356647100008380
356647100008398
356647100008406
356647100008414
356647100008422
356647100008430
356647100008448
356647100008455
356647100008463
356647100008471
356647100008489
356647100008497
356647100008505
356647100008513
356647100008521
356647100008539
356647100008547
356647100008554
356647100008562
356647100008570
356647100008588
356647100008596
356647100008604
356647100008612
356647100008620
356647100008638
356647100008646
356647100008653
356647100008661
356647100008679
356647100008687
356647100008695
356647100008703
356647100008711
356647100008729
356647100008737
356647100008745
356647100008752
356647100008760
356647100008778
356647100008786
356647100008794
356647100008802
356647100008810
356647100008828
356647100008836
356647100008844
356647100008851
356647100008869
356647100008877
356647100008885
356647100008893
356647100008901
356647100008919
356647100008927
356647100008935
356647100008943
356647100008950
356647100008968
356647100008976
356647100008984
356647100008992
356647100009008
356647100009016
356647100009024
356647100009032
356647100009040
356647100009057
356647100009065
356647100009073
356647100009081
356647100009099
356647100009107
356647100009115
356647100009123
356647100009131
356647100009149
356647100009156
356647100009164
356647100009172
356647100009180
356647100009198
356647100009206
356647100009214
356647100009222
356647100009230
356647100009248
356647100009255
356647100009263
356647100009271
356647100009289
356647100009297
356647100009305
356647100009313
356647100009321
356647100009339
356647100009347
356647100009354
356647100009362
356647100009370
356647100009388
356647100009396
356647100009404
356647100009412
356647100009420
356647100009438
356647100009446
356647100009453
356647100009461
356647100009479
356647100009487
356647100009495
356647100009503
356647100009511
356647100009529
356647100009537
356647100009545
356647100009552
356647100009560
356647100009578
356647100009586
356647100009594
356647100009602
356647100009610
356647100009628
356647100009636
356647100009644
356647100009651
356647100009669
356647100009677
356647100009685
356647100009693
356647100009701
356647100009719
356647100009727
356647100009735
356647100009743
356647100009750
356647100009768
356647100009776
356647100009784
356647100009792
356647100009800
356647100009818
356647100009826
356647100009834
356647100009842
356647100009859
356647100009867
356647100009875
356647100009883
356647100009891
356647100009909
356647100009917
356647100009925
356647100009933
356647100009941
356647100009958
356647100009966
356647100009974
356647100009982
356647100009990
